0.000000  0.000391 
0.180000  0.000411 
0.360000  0.000449 
0.540000  0.000503 
0.720000  0.000574 
0.900000  0.000659 
1.080000  0.000759 
1.260000  0.000873 
1.440000  0.001001 
1.620000  0.001140 
1.800000  0.001291 
1.980000  0.001454 
2.160000  0.001627 
2.340000  0.001810 
2.520000  0.002002 
2.700000  0.002204 
2.880000  0.002413 
3.060000  0.002630 
3.240000  0.002854 
3.420000  0.003085 
3.600000  0.003322 
3.780000  0.003564 
3.960000  0.003812 
4.140000  0.004065 
4.320000  0.004322 
4.500000  0.004582 
4.680000  0.004847 
4.860000  0.005114 
5.040000  0.005384 
5.220000  0.005656 
5.400000  0.005930 
5.580000  0.006206 
5.760000  0.006483 
5.940000  0.006761 
6.120000  0.007039 
6.300000  0.007318 
6.480000  0.007597 
6.660000  0.007875 
6.840000  0.008153 
7.020000  0.008430 
7.200000  0.008706 
7.380000  0.008981 
7.560000  0.009254 
7.740000  0.009525 
7.920000  0.009794 
8.100000  0.010061 
8.280000  0.010325 
8.460000  0.010587 
8.640000  0.010846 
8.820000  0.011102 
9.000000  0.011355 
9.180000  0.011604 
9.360000  0.011850 
9.540000  0.012092 
9.720000  0.012331 
9.900000  0.012565 
10.080000  0.012796 
10.260000  0.013022 
10.440000  0.013244 
10.620000  0.013462 
10.800000  0.013675 
10.980000  0.013884 
11.160000  0.014088 
11.340000  0.014288 
11.520000  0.014482 
11.700000  0.014672 
11.880000  0.014856 
12.060000  0.015036 
12.240000  0.015210 
12.420000  0.015380 
12.600000  0.015544 
12.780000  0.015703 
12.960000  0.015857 
13.140000  0.016006 
13.320000  0.016149 
13.500000  0.016287 
13.680000  0.016420 
13.860000  0.016547 
14.040000  0.016669 
14.220000  0.016785 
14.400000  0.016897 
14.580000  0.017002 
14.760000  0.017103 
14.940000  0.017198 
15.120000  0.017288 
15.300000  0.017372 
15.480000  0.017452 
15.660000  0.017525 
15.840000  0.017594 
16.020000  0.017657 
16.200000  0.017716 
16.380000  0.017769 
16.560000  0.017817 
16.740000  0.017859 
16.920000  0.017897 
17.100000  0.017930 
17.280000  0.017958 
17.460000  0.017981 
17.640000  0.017999 
17.820000  0.018012 
18.000000  0.018020 
18.180000  0.018024 
18.360000  0.018023 
18.540000  0.018017 
18.720000  0.018007 
18.900000  0.017992 
19.080000  0.017973 
19.260000  0.017950 
19.440000  0.017922 
19.620000  0.017890 
19.800000  0.017854 
19.980000  0.017814 
20.160000  0.017770 
20.340000  0.017722 
20.520000  0.017670 
20.700000  0.017614 
20.880000  0.017555 
21.060000  0.017492 
21.240000  0.017425 
21.420000  0.017355 
21.600000  0.017281 
21.780000  0.017204 
21.960000  0.017124 
22.140000  0.017040 
22.320000  0.016953 
22.500000  0.016864 
22.680000  0.016771 
22.860000  0.016676 
23.040000  0.016577 
23.220000  0.016476 
23.400000  0.016372 
23.580000  0.016266 
23.760000  0.016157 
23.940000  0.016046 
24.120000  0.015933 
24.300000  0.015817 
24.480000  0.015699 
24.660000  0.015579 
24.840000  0.015457 
25.020000  0.015333 
25.200000  0.015207 
25.380000  0.015079 
25.560000  0.014950 
25.740000  0.014819 
25.920000  0.014686 
26.100000  0.014552 
26.280000  0.014416 
26.460000  0.014280 
26.640000  0.014141 
26.820000  0.014002 
27.000000  0.013862 
27.180000  0.013720 
27.360000  0.013578 
27.540000  0.013434 
27.720000  0.013290 
27.900000  0.013145 
28.080000  0.013000 
28.260000  0.012853 
28.440000  0.012706 
28.620000  0.012559 
28.800000  0.012411 
28.980000  0.012263 
29.160000  0.012114 
29.340000  0.011966 
29.520000  0.011817 
29.700000  0.011668 
29.880000  0.011519 
30.060000  0.011369 
30.240000  0.011220 
30.420000  0.011071 
30.600000  0.010923 
30.780000  0.010774 
30.960000  0.010626 
31.140000  0.010478 
31.320000  0.010330 
31.500000  0.010183 
31.680000  0.010036 
31.860000  0.009890 
32.040000  0.009744 
32.220000  0.009599 
32.400000  0.009454 
32.580000  0.009311 
32.760000  0.009168 
32.940000  0.009026 
33.120000  0.008884 
33.300000  0.008744 
33.480000  0.008604 
33.660000  0.008465 
33.840000  0.008328 
34.020000  0.008191 
34.200000  0.008055 
34.380000  0.007921 
34.560000  0.007787 
34.740000  0.007655 
34.920000  0.007524 
35.100000  0.007394 
35.280000  0.007265 
35.460000  0.007138 
35.640000  0.007011 
35.820000  0.006886 
36.000000  0.006763 
36.180000  0.006641 
36.360000  0.006520 
36.540000  0.006400 
36.720000  0.006282 
36.900000  0.006165 
37.080000  0.006050 
37.260000  0.005936 
37.440000  0.005824 
37.620000  0.005713 
37.800000  0.005604 
37.980000  0.005496 
38.160000  0.005390 
38.340000  0.005285 
38.520000  0.005182 
38.700000  0.005080 
38.880000  0.004980 
39.060000  0.004881 
39.240000  0.004784 
39.420000  0.004689 
39.600000  0.004595 
39.780000  0.004502 
39.960000  0.004412 
40.140000  0.004323 
40.320000  0.004235 
40.500000  0.004149 
40.680000  0.004065 
40.860000  0.003982 
41.040000  0.003900 
41.220000  0.003821 
41.400000  0.003743 
41.580000  0.003666 
41.760000  0.003591 
41.940000  0.003517 
42.120000  0.003445 
42.300000  0.003375 
42.480000  0.003306 
42.660000  0.003239 
42.840000  0.003173 
43.020000  0.003108 
43.200000  0.003046 
43.380000  0.002984 
43.560000  0.002924 
43.740000  0.002866 
43.920000  0.002808 
44.100000  0.002753 
44.280000  0.002699 
44.460000  0.002646 
44.640000  0.002594 
44.820000  0.002544 
45.000000  0.002495 
45.180000  0.002448 
45.360000  0.002401 
45.540000  0.002357 
45.720000  0.002313 
45.900000  0.002271 
46.080000  0.002229 
46.260000  0.002190 
46.440000  0.002151 
46.620000  0.002113 
46.800000  0.002077 
46.980000  0.002042 
47.160000  0.002008 
47.340000  0.001975 
47.520000  0.001943 
47.700000  0.001912 
47.880000  0.001882 
48.060000  0.001854 
48.240000  0.001826 
48.420000  0.001799 
48.600000  0.001773 
48.780000  0.001748 
48.960000  0.001724 
49.140000  0.001701 
49.320000  0.001679 
49.500000  0.001658 
49.680000  0.001637 
49.860000  0.001618 
50.040000  0.001599 
50.220000  0.001581 
50.400000  0.001563 
50.580000  0.001546 
50.760000  0.001530 
50.940000  0.001515 
51.120000  0.001501 
51.300000  0.001487 
51.480000  0.001473 
51.660000  0.001460 
51.840000  0.001448 
52.020000  0.001436 
52.200000  0.001425 
52.380000  0.001415 
52.560000  0.001405 
52.740000  0.001395 
52.920000  0.001386 
53.100000  0.001377 
53.280000  0.001368 
53.460000  0.001360 
53.640000  0.001353 
53.820000  0.001346 
54.000000  0.001339 
54.180000  0.001332 
54.360000  0.001326 
54.540000  0.001320 
54.720000  0.001314 
54.900000  0.001308 
55.080000  0.001303 
55.260000  0.001298 
55.440000  0.001293 
55.620000  0.001288 
55.800000  0.001284 
55.980000  0.001279 
56.160000  0.001275 
56.340000  0.001271 
56.520000  0.001267 
56.700000  0.001263 
56.880000  0.001259 
57.060000  0.001255 
57.240000  0.001251 
57.420000  0.001247 
57.600000  0.001243 
57.780000  0.001239 
57.960000  0.001236 
58.140000  0.001232 
58.320000  0.001228 
58.500000  0.001224 
58.680000  0.001220 
58.860000  0.001216 
59.040000  0.001212 
59.220000  0.001208 
59.400000  0.001203 
59.580000  0.001199 
59.760000  0.001195 
59.940000  0.001190 
60.120000  0.001185 
60.300000  0.001180 
60.480000  0.001175 
60.660000  0.001170 
60.840000  0.001165 
61.020000  0.001159 
61.200000  0.001154 
61.380000  0.001148 
61.560000  0.001142 
61.740000  0.001135 
61.920000  0.001129 
62.100000  0.001123 
62.280000  0.001116 
62.460000  0.001109 
62.640000  0.001102 
62.820000  0.001094 
63.000000  0.001087 
63.180000  0.001079 
63.360000  0.001071 
63.540000  0.001063 
63.720000  0.001054 
63.900000  0.001046 
64.080000  0.001037 
64.260000  0.001028 
64.440000  0.001019 
64.620000  0.001009 
64.800000  0.001000 
64.980000  0.000990 
65.160000  0.000980 
65.340000  0.000969 
65.520000  0.000959 
65.700000  0.000948 
65.880000  0.000937 
66.060000  0.000926 
66.240000  0.000915 
66.420000  0.000904 
66.600000  0.000892 
66.780000  0.000880 
66.960000  0.000868 
67.140000  0.000856 
67.320000  0.000844 
67.500000  0.000831 
67.680000  0.000819 
67.860000  0.000806 
68.040000  0.000793 
68.220000  0.000780 
68.400000  0.000767 
68.580000  0.000753 
68.760000  0.000740 
68.940000  0.000726 
69.120000  0.000713 
69.300000  0.000699 
69.480000  0.000685 
69.660000  0.000671 
69.840000  0.000657 
70.020000  0.000643 
70.200000  0.000629 
70.380000  0.000615 
70.560000  0.000600 
70.740000  0.000586 
70.920000  0.000571 
71.100000  0.000557 
71.280000  0.000543 
71.460000  0.000528 
71.640000  0.000514 
71.820000  0.000499 
72.000000  0.000485 
72.180000  0.000470 
72.360000  0.000456 
72.540000  0.000441 
72.720000  0.000427 
72.900000  0.000412 
73.080000  0.000398 
73.260000  0.000384 
73.440000  0.000370 
73.620000  0.000355 
73.800000  0.000341 
73.980000  0.000327 
74.160000  0.000314 
74.340000  0.000300 
74.520000  0.000286 
74.700000  0.000272 
74.880000  0.000259 
75.060000  0.000246 
75.240000  0.000233 
75.420000  0.000220 
75.600000  0.000207 
75.780000  0.000194 
75.960000  0.000181 
76.140000  0.000169 
76.320000  0.000157 
76.500000  0.000145 
76.680000  0.000133 
76.860000  0.000121 
77.040000  0.000110 
77.220000  0.000098 
77.400000  0.000087 
77.580000  0.000077 
77.760000  0.000066 
77.940000  0.000056 
78.120000  0.000045 
78.300000  0.000035 
78.480000  0.000026 
78.660000  0.000016 
78.840000  0.000007 
79.020000  -0.000002 
79.200000  -0.000011 
79.380000  -0.000019 
79.560000  -0.000027 
79.740000  -0.000035 
79.920000  -0.000043 
80.100000  -0.000050 
80.280000  -0.000057 
80.460000  -0.000064 
80.640000  -0.000071 
80.820000  -0.000077 
81.000000  -0.000083 
81.180000  -0.000088 
81.360000  -0.000094 
81.540000  -0.000099 
81.720000  -0.000104 
81.900000  -0.000108 
82.080000  -0.000113 
82.260000  -0.000117 
82.440000  -0.000120 
82.620000  -0.000124 
82.800000  -0.000127 
82.980000  -0.000130 
83.160000  -0.000132 
83.340000  -0.000134 
83.520000  -0.000136 
83.700000  -0.000138 
83.880000  -0.000139 
84.060000  -0.000140 
84.240000  -0.000141 
84.420000  -0.000142 
84.600000  -0.000142 
84.780000  -0.000142 
84.960000  -0.000142 
85.140000  -0.000141 
85.320000  -0.000140 
85.500000  -0.000139 
85.680000  -0.000138 
85.860000  -0.000136 
86.040000  -0.000134 
86.220000  -0.000132 
86.400000  -0.000130 
86.580000  -0.000127 
86.760000  -0.000124 
86.940000  -0.000121 
87.120000  -0.000118 
87.300000  -0.000114 
87.480000  -0.000111 
87.660000  -0.000107 
87.840000  -0.000102 
88.020000  -0.000098 
88.200000  -0.000093 
88.380000  -0.000089 
88.560000  -0.000084 
88.740000  -0.000078 
88.920000  -0.000073 
89.100000  -0.000067 
89.280000  -0.000062 
89.460000  -0.000056 
89.640000  -0.000050 
89.820000  -0.000044 
90.000000  -0.000037 
90.180000  -0.000031 
90.360000  -0.000024 
90.540000  -0.000018 
90.720000  -0.000011 
90.900000  -0.000004 
91.080000  0.000003 
91.260000  0.000010 
91.440000  0.000018 
91.620000  0.000025 
91.800000  0.000032 
91.980000  0.000040 
92.160000  0.000047 
92.340000  0.000055 
92.520000  0.000062 
92.700000  0.000070 
92.880000  0.000078 
93.060000  0.000086 
93.240000  0.000093 
93.420000  0.000101 
93.600000  0.000109 
93.780000  0.000117 
93.960000  0.000125 
94.140000  0.000133 
94.320000  0.000140 
94.500000  0.000148 
94.680000  0.000156 
94.860000  0.000164 
95.040000  0.000171 
95.220000  0.000179 
95.400000  0.000187 
95.580000  0.000194 
95.760000  0.000202 
95.940000  0.000209 
96.120000  0.000217 
96.300000  0.000224 
96.480000  0.000231 
96.660000  0.000238 
96.840000  0.000245 
97.020000  0.000252 
97.200000  0.000259 
97.380000  0.000266 
97.560000  0.000272 
97.740000  0.000279 
97.920000  0.000285 
98.100000  0.000291 
98.280000  0.000297 
98.460000  0.000303 
98.640000  0.000309 
98.820000  0.000315 
99.000000  0.000321 
99.180000  0.000326 
99.360000  0.000331 
99.540000  0.000336 
99.720000  0.000341 
99.900000  0.000346 
100.080000  0.000351 
100.260000  0.000355 
100.440000  0.000360 
100.620000  0.000364 
100.800000  0.000368 
100.980000  0.000372 
101.160000  0.000375 
101.340000  0.000379 
101.520000  0.000382 
101.700000  0.000385 
101.880000  0.000388 
102.060000  0.000391 
102.240000  0.000394 
102.420000  0.000396 
102.600000  0.000398 
102.780000  0.000401 
102.960000  0.000403 
103.140000  0.000404 
103.320000  0.000406 
103.500000  0.000407 
103.680000  0.000409 
103.860000  0.000410 
104.040000  0.000411 
104.220000  0.000412 
104.400000  0.000412 
104.580000  0.000413 
104.760000  0.000413 
104.940000  0.000413 
105.120000  0.000413 
105.300000  0.000413 
105.480000  0.000413 
105.660000  0.000413 
105.840000  0.000412 
106.020000  0.000412 
106.200000  0.000411 
106.380000  0.000410 
106.560000  0.000409 
106.740000  0.000408 
106.920000  0.000407 
107.100000  0.000405 
107.280000  0.000404 
107.460000  0.000403 
107.640000  0.000401 
107.820000  0.000399 
108.000000  0.000398 
108.180000  0.000396 
108.360000  0.000394 
108.540000  0.000392 
108.720000  0.000390 
108.900000  0.000388 
109.080000  0.000386 
109.260000  0.000384 
109.440000  0.000382 
109.620000  0.000380 
109.800000  0.000378 
109.980000  0.000376 
110.160000  0.000374 
110.340000  0.000372 
110.520000  0.000370 
110.700000  0.000368 
110.880000  0.000366 
111.060000  0.000364 
111.240000  0.000362 
111.420000  0.000360 
111.600000  0.000358 
111.780000  0.000357 
111.960000  0.000355 
112.140000  0.000354 
112.320000  0.000352 
112.500000  0.000351 
112.680000  0.000350 
112.860000  0.000348 
113.040000  0.000348 
113.220000  0.000347 
113.400000  0.000346 
113.580000  0.000345 
113.760000  0.000345 
113.940000  0.000345 
114.120000  0.000345 
114.300000  0.000345 
114.480000  0.000345 
114.660000  0.000346 
114.840000  0.000346 
115.020000  0.000347 
115.200000  0.000349 
115.380000  0.000350 
115.560000  0.000352 
115.740000  0.000353 
115.920000  0.000356 
116.100000  0.000358 
116.280000  0.000361 
116.460000  0.000364 
116.640000  0.000367 
116.820000  0.000370 
117.000000  0.000374 
117.180000  0.000378 
117.360000  0.000382 
117.540000  0.000387 
117.720000  0.000392 
117.900000  0.000398 
118.080000  0.000403 
118.260000  0.000409 
118.440000  0.000416 
118.620000  0.000422 
118.800000  0.000430 
118.980000  0.000437 
119.160000  0.000445 
119.340000  0.000453 
119.520000  0.000462 
119.700000  0.000471 
119.880000  0.000480 
120.060000  0.000490 
120.240000  0.000500 
120.420000  0.000511 
120.600000  0.000522 
120.780000  0.000533 
120.960000  0.000545 
121.140000  0.000558 
121.320000  0.000570 
121.500000  0.000584 
121.680000  0.000597 
121.860000  0.000611 
122.040000  0.000626 
122.220000  0.000641 
122.400000  0.000657 
122.580000  0.000673 
122.760000  0.000689 
122.940000  0.000706 
123.120000  0.000723 
123.300000  0.000741 
123.480000  0.000760 
123.660000  0.000779 
123.840000  0.000798 
124.020000  0.000818 
124.200000  0.000838 
124.380000  0.000859 
124.560000  0.000881 
124.740000  0.000903 
124.920000  0.000925 
125.100000  0.000948 
125.280000  0.000972 
125.460000  0.000996 
125.640000  0.001020 
125.820000  0.001045 
126.000000  0.001071 
126.180000  0.001097 
126.360000  0.001124 
126.540000  0.001151 
126.720000  0.001179 
126.900000  0.001207 
127.080000  0.001236 
127.260000  0.001266 
127.440000  0.001296 
127.620000  0.001327 
127.800000  0.001358 
127.980000  0.001390 
128.160000  0.001422 
128.340000  0.001455 
128.520000  0.001489 
128.700000  0.001523 
128.880000  0.001557 
129.060000  0.001593 
129.240000  0.001629 
129.420000  0.001665 
129.600000  0.001702 
129.780000  0.001740 
129.960000  0.001778 
130.140000  0.001817 
130.320000  0.001857 
130.500000  0.001897 
130.680000  0.001938 
130.860000  0.001980 
131.040000  0.002022 
131.220000  0.002065 
131.400000  0.002108 
131.580000  0.002152 
131.760000  0.002197 
131.940000  0.002242 
132.120000  0.002289 
132.300000  0.002335 
132.480000  0.002383 
132.660000  0.002431 
132.840000  0.002480 
133.020000  0.002530 
133.200000  0.002580 
133.380000  0.002631 
133.560000  0.002683 
133.740000  0.002735 
133.920000  0.002788 
134.100000  0.002842 
134.280000  0.002897 
134.460000  0.002953 
134.640000  0.003009 
134.820000  0.003066 
135.000000  0.003124 
135.180000  0.003182 
135.360000  0.003242 
135.540000  0.003302 
135.720000  0.003363 
135.900000  0.003425 
136.080000  0.003488 
136.260000  0.003551 
136.440000  0.003616 
136.620000  0.003681 
136.800000  0.003747 
136.980000  0.003814 
137.160000  0.003882 
137.340000  0.003951 
137.520000  0.004021 
137.700000  0.004091 
137.880000  0.004163 
138.060000  0.004235 
138.240000  0.004309 
138.420000  0.004383 
138.600000  0.004459 
138.780000  0.004535 
138.960000  0.004612 
139.140000  0.004691 
139.320000  0.004770 
139.500000  0.004850 
139.680000  0.004932 
139.860000  0.005014 
140.040000  0.005097 
140.220000  0.005182 
140.400000  0.005267 
140.580000  0.005354 
140.760000  0.005442 
140.940000  0.005530 
141.120000  0.005620 
141.300000  0.005711 
141.480000  0.005803 
141.660000  0.005896 
141.840000  0.005990 
142.020000  0.006086 
142.200000  0.006182 
142.380000  0.006279 
142.560000  0.006378 
142.740000  0.006478 
142.920000  0.006579 
143.100000  0.006681 
143.280000  0.006784 
143.460000  0.006888 
143.640000  0.006993 
143.820000  0.007100 
144.000000  0.007208 
144.180000  0.007316 
144.360000  0.007426 
144.540000  0.007537 
144.720000  0.007649 
144.900000  0.007762 
145.080000  0.007877 
145.260000  0.007992 
145.440000  0.008108 
145.620000  0.008226 
145.800000  0.008344 
145.980000  0.008464 
146.160000  0.008584 
146.340000  0.008706 
146.520000  0.008829 
146.700000  0.008952 
146.880000  0.009077 
147.060000  0.009202 
147.240000  0.009328 
147.420000  0.009456 
147.600000  0.009584 
147.780000  0.009713 
147.960000  0.009843 
148.140000  0.009973 
148.320000  0.010104 
148.500000  0.010237 
148.680000  0.010369 
148.860000  0.010503 
149.040000  0.010637 
149.220000  0.010771 
149.400000  0.010906 
149.580000  0.011042 
149.760000  0.011178 
149.940000  0.011315 
150.120000  0.011452 
150.300000  0.011589 
150.480000  0.011726 
150.660000  0.011864 
150.840000  0.012002 
151.020000  0.012140 
151.200000  0.012278 
151.380000  0.012416 
151.560000  0.012553 
151.740000  0.012691 
151.920000  0.012829 
152.100000  0.012966 
152.280000  0.013103 
152.460000  0.013239 
152.640000  0.013375 
152.820000  0.013511 
153.000000  0.013646 
153.180000  0.013780 
153.360000  0.013913 
153.540000  0.014046 
153.720000  0.014177 
153.900000  0.014308 
154.080000  0.014437 
154.260000  0.014566 
154.440000  0.014692 
154.620000  0.014818 
154.800000  0.014942 
154.980000  0.015064 
155.160000  0.015185 
155.340000  0.015304 
155.520000  0.015422 
155.700000  0.015537 
155.880000  0.015650 
156.060000  0.015761 
156.240000  0.015870 
156.420000  0.015976 
156.600000  0.016081 
156.780000  0.016182 
156.960000  0.016281 
157.140000  0.016377 
157.320000  0.016470 
157.500000  0.016560 
157.680000  0.016648 
157.860000  0.016732 
158.040000  0.016812 
158.220000  0.016890 
158.400000  0.016964 
158.580000  0.017034 
158.760000  0.017101 
158.940000  0.017163 
159.120000  0.017222 
159.300000  0.017277 
159.480000  0.017328 
159.660000  0.017375 
159.840000  0.017418 
160.020000  0.017456 
160.200000  0.017489 
160.380000  0.017519 
160.560000  0.017543 
160.740000  0.017563 
160.920000  0.017578 
161.100000  0.017588 
161.280000  0.017594 
161.460000  0.017594 
161.640000  0.017589 
161.820000  0.017579 
162.000000  0.017564 
162.180000  0.017544 
162.360000  0.017518 
162.540000  0.017487 
162.720000  0.017451 
162.900000  0.017409 
163.080000  0.017362 
163.260000  0.017309 
163.440000  0.017251 
163.620000  0.017188 
163.800000  0.017118 
163.980000  0.017044 
164.160000  0.016963 
164.340000  0.016878 
164.520000  0.016786 
164.700000  0.016689 
164.880000  0.016587 
165.060000  0.016480 
165.240000  0.016367 
165.420000  0.016248 
165.600000  0.016125 
165.780000  0.015996 
165.960000  0.015862 
166.140000  0.015723 
166.320000  0.015579 
166.500000  0.015430 
166.680000  0.015277 
166.860000  0.015119 
167.040000  0.014956 
167.220000  0.014789 
167.400000  0.014617 
167.580000  0.014442 
167.760000  0.014263 
167.940000  0.014079 
168.120000  0.013892 
168.300000  0.013702 
168.480000  0.013508 
168.660000  0.013312 
168.840000  0.013112 
169.020000  0.012909 
169.200000  0.012705 
169.380000  0.012497 
169.560000  0.012288 
169.740000  0.012077 
169.920000  0.011864 
170.100000  0.011650 
170.280000  0.011435 
170.460000  0.011219 
170.640000  0.011002 
170.820000  0.010784 
171.000000  0.010567 
171.180000  0.010349 
171.360000  0.010132 
171.540000  0.009915 
171.720000  0.009699 
171.900000  0.009483 
172.080000  0.009269 
172.260000  0.009056 
172.440000  0.008845 
172.620000  0.008636 
172.800000  0.008428 
172.980000  0.008222 
173.160000  0.008019 
173.340000  0.007818 
173.520000  0.007619 
173.700000  0.007423 
173.880000  0.007229 
174.060000  0.007038 
174.240000  0.006850 
174.420000  0.006664 
174.600000  0.006480 
174.780000  0.006299 
174.960000  0.006120 
175.140000  0.005943 
175.320000  0.005767 
175.500000  0.005593 
175.680000  0.005420 
175.860000  0.005248 
176.040000  0.005075 
176.220000  0.004903 
176.400000  0.004729 
176.580000  0.004553 
176.760000  0.004375 
176.940000  0.004193 
177.120000  0.004007 
177.300000  0.003815 
177.480000  0.003617 
177.660000  0.003410 
177.840000  0.003194 
178.020000  0.002967 
178.200000  0.002727 
178.380000  0.002472 
178.560000  0.002201 
178.740000  0.001910 
178.920000  0.001599 
179.100000  0.001264 
179.280000  0.000903 
179.460000  0.000512 
179.640000  0.000089 
179.820000  0.000
0.000000  0.000000 
